34
Otolemur_garnettii        0.0000000 0.0459735 0.2386546 0.2407310 0.2414564 0.2310452 0.1850673 0.2544409 0.2212544 0.2379531 0.2170963 0.2212200 0.2224307 0.2222787 0.2199643 0.2208351 0.2176598 0.2155437 0.2185426 0.2233243 0.2231714 0.2237397 0.2258073 0.2273672 0.2159654 0.2182545 0.2155284 0.2153832 0.2190919 0.2159483 0.1616876 0.1722995 0.1703824 0.1770395 
Nycticebus_coucang        0.0459735 0.0000000 0.2370093 0.2363782 0.2377937 0.2241048 0.1755075 0.2469967 0.2162734 0.2391022 0.2155493 0.2175531 0.2165579 0.2157226 0.2135076 0.2143386 0.2120051 0.2113475 0.2149205 0.2189631 0.2188187 0.2171403 0.2208241 0.2206177 0.2090179 0.2119080 0.2112445 0.2097302 0.2140980 0.2095932 0.1586547 0.1666067 0.1595834 0.1650361 
Callithrix_jacchus        0.2386546 0.2370093 0.0000000 0.0377188 0.0390050 0.0334448 0.0329921 0.1548050 0.1074023 0.1238028 0.1057799 0.1075167 0.1095469 0.1071130 0.1080005 0.1077970 0.1083992 0.1074107 0.1120522 0.1146725 0.1131097 0.1019428 0.1049148 0.1050020 0.1032172 0.1039280 0.1032679 0.1017378 0.1041572 0.1038130 0.1552240 0.2006378 0.1916201 0.1929508 
Cebus_imitator            0.2407310 0.2363782 0.0377188 0.0000000 0.0099513 0.0285720 0.0319122 0.1649963 0.1051430 0.1295529 0.1063987 0.1085104 0.1086905 0.1067696 0.1076506 0.1079420 0.1055867 0.1055988 0.1081606 0.1129976 0.1117515 0.1031513 0.1058955 0.1047223 0.0992806 0.0999972 0.1028078 0.1022642 0.1016959 0.1018720 0.1550604 0.1997270 0.1948378 0.1942712 
Sapajus_apella            0.2414564 0.2377937 0.0390050 0.0099513 0.0000000 0.0295330 0.0269695 0.1617181 0.1078064 0.1345671 0.1092710 0.1089597 0.1088407 0.1071724 0.1078077 0.1080976 0.1057576 0.1057697 0.1083143 0.1151035 0.1141941 0.1008616 0.1047908 0.1033846 0.0986929 0.0994085 0.1031285 0.1026080 0.1006195 0.1007828 0.1475722 0.1999147 0.1958415 0.1956388 
Saimiri_boliviensis       0.2310452 0.2241048 0.0334448 0.0285720 0.0295330 0.0000000 0.0221667 0.1561784 0.1000148 0.1242992 0.0987723 0.0988178 0.0990905 0.0972938 0.0980778 0.0982922 0.0999207 0.0980016 0.1005082 0.1052289 0.1050929 0.0940731 0.0971835 0.0960809 0.0902884 0.0910130 0.0943779 0.0938700 0.0907895 0.0908473 0.1485477 0.1892839 0.1839652 0.1833097 
Aotus_nancymaae           0.1850673 0.1755075 0.0329921 0.0319122 0.0269695 0.0221667 0.0000000 0.1229635 0.0914710 0.1268414 0.0835302 0.0919847 0.0923353 0.0891029 0.0921896 0.0930548 0.0921896 0.0913374 0.0922003 0.1005529 0.1000379 0.0901934 0.0924787 0.0942803 0.0844818 0.0856943 0.0854175 0.0854175 0.0824771 0.0838890 0.1225343 0.1402882 0.1381954 0.1297439 
Macaca_nemestrina         0.2544409 0.2469967 0.1548050 0.1649963 0.1617181 0.1561784 0.1229635 0.0000000 0.0707163 0.2834712 0.0576802 0.0558018 0.0577715 0.0558317 0.0565635 0.0544623 0.0652797 0.0641841 0.0697594 0.0720556 0.0737495 0.1021364 0.1053584 0.0993260 0.1056224 0.1061518 0.0971638 0.0971638 0.0984174 0.0997749 0.1814695 0.6344946 0.1990436 0.1929396 
Chlorocebus_sabaeus       0.2212544 0.2162734 0.1074023 0.1051430 0.1078064 0.1000148 0.0914710 0.0707163 0.0000000 0.0413413 0.0182553 0.0180328 0.0180282 0.0163957 0.0155780 0.0159832 0.0274858 0.0250986 0.0293016 0.0318817 0.0311680 0.0525161 0.0538629 0.0543268 0.0489148 0.0496935 0.0541259 0.0538074 0.0473284 0.0469295 0.1457793 0.1766282 0.1732746 0.1713144 
Macaca_thibetana          0.2379531 0.2391022 0.1238028 0.1295529 0.1345671 0.1242992 0.1268414 0.2834712 0.0413413 0.0000000 0.0149432 0.0346281 0.0390723 0.0365684 0.0390393 0.0386141 0.0529306 0.0504903 0.0562587 0.0585988 0.0671232 0.0767182 0.0655965 0.1073257 0.0623019 0.0644153 0.0565895 0.0567095 0.0593476 0.0561648 0.1831182 0.2818341 0.2001822 0.1970408 
Macaca_mulatta            0.2170963 0.2155493 0.1057799 0.1063987 0.1092710 0.0987723 0.0835302 0.0576802 0.0182553 0.0149432 0.0000000 0.0046023 0.0120692 0.0120750 0.0120634 0.0102187 0.0244863 0.0206508 0.0259594 0.0288937 0.0284079 0.0483344 0.0494565 0.0489199 0.0445868 0.0445868 0.0424872 0.0424655 0.0430071 0.0414856 0.1366561 0.1765698 0.1688020 0.1661555 
Macaca_fascicularis       0.2212200 0.2175531 0.1075167 0.1085104 0.1089597 0.0988178 0.0919847 0.0558018 0.0180328 0.0346281 0.0046023 0.0000000 0.0122018 0.0113848 0.0121967 0.0118195 0.0252133 0.0231054 0.0290450 0.0312461 0.0296489 0.0506276 0.0525202 0.0524962 0.0463867 0.0468513 0.0431951 0.0431757 0.0436515 0.0427745 0.1425757 0.1778319 0.1731596 0.1683225 
Mandrillus_leucophaeus    0.2224307 0.2165579 0.1095469 0.1086905 0.1088407 0.0990905 0.0923353 0.0577715 0.0180282 0.0390723 0.0120692 0.0122018 0.0000000 0.0083011 0.0094707 0.0098962 0.0253572 0.0233042 0.0274547 0.0300063 0.0294238 0.0492797 0.0512460 0.0515328 0.0454613 0.0462431 0.0447875 0.0438896 0.0430866 0.0426131 0.1399842 0.1749903 0.1726721 0.1682333 
Cercocebus_atys           0.2222787 0.2157226 0.1071130 0.1067696 0.1071724 0.0972938 0.0891029 0.0558317 0.0163957 0.0365684 0.0120750 0.0113848 0.0083011 0.0000000 0.0063083 0.0067209 0.0245744 0.0217182 0.0258653 0.0279964 0.0273418 0.0484904 0.0503332 0.0507431 0.0454433 0.0462248 0.0438917 0.0439092 0.0430696 0.0425961 0.1382694 0.1736386 0.1721341 0.1684355 
Papio_anubis              0.2199643 0.2135076 0.1080005 0.1076506 0.1078077 0.0980778 0.0921896 0.0565635 0.0155780 0.0390393 0.0120634 0.0121967 0.0094707 0.0063083 0.0000000 0.0027510 0.0245142 0.0224748 0.0266166 0.0287461 0.0281546 0.0501094 0.0512010 0.0523648 0.0462981 0.0470787 0.0438710 0.0438700 0.0430495 0.0425761 0.1388997 0.1730401 0.1705257 0.1660695 
Theropithecus_gelada      0.2208351 0.2143386 0.1077970 0.1079420 0.1080976 0.0982922 0.0930548 0.0544623 0.0159832 0.0386141 0.0102187 0.0118195 0.0098962 0.0067209 0.0027510 0.0000000 0.0249251 0.0229490 0.0271063 0.0292445 0.0286550 0.0505459 0.0520941 0.0528036 0.0462981 0.0470787 0.0447486 0.0448421 0.0447885 0.0443294 0.1397508 0.1736896 0.1699887 0.1667195 
Colobus_angolensis        0.2176598 0.2120051 0.1083992 0.1055867 0.1057576 0.0999207 0.0921896 0.0652797 0.0274858 0.0529306 0.0244863 0.0252133 0.0253572 0.0245744 0.0245142 0.0249251 0.0000000 0.0135029 0.0195815 0.0220731 0.0214352 0.0517275 0.0528532 0.0535473 0.0474946 0.0491491 0.0481496 0.0478089 0.0463772 0.0459714 0.1359213 0.1761826 0.1736393 0.1717236 
Piliocolobus_tephrosceles 0.2155437 0.2113475 0.1074107 0.1055988 0.1057697 0.0980016 0.0913374 0.0641841 0.0250986 0.0504903 0.0206508 0.0231054 0.0233042 0.0217182 0.0224748 0.0229490 0.0135029 0.0000000 0.0183647 0.0208655 0.0202183 0.0492835 0.0494659 0.0502231 0.0445890 0.0462465 0.0452305 0.0447708 0.0430706 0.0430544 0.1317129 0.1720034 0.1721784 0.1670751 
Trachypithecus_francoisi  0.2185426 0.2149205 0.1120522 0.1081606 0.1083143 0.1005082 0.0922003 0.0697594 0.0293016 0.0562587 0.0259594 0.0290450 0.0274547 0.0258653 0.0266166 0.0271063 0.0195815 0.0183647 0.0000000 0.0159674 0.0152859 0.0506568 0.0522110 0.0516016 0.0468399 0.0485014 0.0483792 0.0483575 0.0470728 0.0461902 0.1415853 0.1809083 0.1803836 0.1766654 
Rhinopithecus_roxellana   0.2233243 0.2189631 0.1146725 0.1129976 0.1151035 0.1052289 0.1005529 0.0720556 0.0318817 0.0585988 0.0288937 0.0312461 0.0300063 0.0279964 0.0287461 0.0292445 0.0220731 0.0208655 0.0159674 0.0000000 0.0015802 0.0542896 0.0559334 0.0552471 0.0495953 0.0512629 0.0498213 0.0497988 0.0484965 0.0480662 0.1434171 0.1835542 0.1830111 0.1784413 
Rhinopithecus_bieti       0.2231714 0.2188187 0.1131097 0.1117515 0.1141941 0.1050929 0.1000379 0.0737495 0.0311680 0.0671232 0.0284079 0.0296489 0.0294238 0.0273418 0.0281546 0.0286550 0.0214352 0.0202183 0.0152859 0.0015802 0.0000000 0.0534374 0.0545546 0.0544005 0.0491307 0.0507971 0.0502436 0.0502209 0.0489148 0.0484882 0.1445404 0.1843082 0.1837999 0.1795173 
Nomascus_leucogenys       0.2237397 0.2171403 0.1019428 0.1031513 0.1008616 0.0940731 0.0901934 0.1021364 0.0525161 0.0767182 0.0483344 0.0506276 0.0492797 0.0484904 0.0501094 0.0505459 0.0517275 0.0492835 0.0506568 0.0542896 0.0534374 0.0000000 0.0100555 0.0094632 0.0326075 0.0351089 0.0326992 0.0315384 0.0324968 0.0297741 0.1360998 0.1771607 0.1741813 0.1725963 
Hylobates_moloch          0.2258073 0.2208241 0.1049148 0.1058955 0.1047908 0.0971835 0.0924787 0.1053584 0.0538629 0.0655965 0.0494565 0.0525202 0.0512460 0.0503332 0.0512010 0.0520941 0.0528532 0.0494659 0.0522110 0.0559334 0.0545546 0.0100555 0.0000000 0.0084619 0.0344835 0.0349273 0.0327562 0.0315935 0.0327134 0.0319568 0.1384584 0.1816610 0.1787127 0.1761213 
Symphalangus_syndactylus  0.2273672 0.2206177 0.1050020 0.1047223 0.1033846 0.0960809 0.0942803 0.0993260 0.0543268 0.1073257 0.0489199 0.0524962 0.0515328 0.0507431 0.0523648 0.0528036 0.0535473 0.0502231 0.0516016 0.0552471 0.0544005 0.0094632 0.0084619 0.0000000 0.0347812 0.0372921 0.0340799 0.0328631 0.0342372 0.0319561 0.1380112 0.1736621 0.1767763 0.1752326 
Pongo_abelii              0.2159654 0.2090179 0.1032172 0.0992806 0.0986929 0.0902884 0.0844818 0.1056224 0.0489148 0.0623019 0.0445868 0.0463867 0.0454613 0.0454433 0.0462981 0.0462981 0.0474946 0.0445890 0.0468399 0.0495953 0.0491307 0.0326075 0.0344835 0.0347812 0.0000000 0.0015865 0.0228971 0.0221078 0.0235867 0.0224896 0.1301699 0.1734560 0.1700081 0.1692922 
Pongo_pygmaeus            0.2182545 0.2119080 0.1039280 0.0999972 0.0994085 0.0910130 0.0856943 0.1061518 0.0496935 0.0644153 0.0445868 0.0468513 0.0462431 0.0462248 0.0470787 0.0470787 0.0491491 0.0462465 0.0485014 0.0512629 0.0507971 0.0351089 0.0349273 0.0372921 0.0015865 0.0000000 0.0241608 0.0233719 0.0247840 0.0237527 0.1311897 0.1741906 0.1707519 0.1700521 
Pan_troglodytes           0.2155284 0.2112445 0.1032679 0.1028078 0.1031285 0.0943779 0.0854175 0.0971638 0.0541259 0.0565895 0.0424872 0.0431951 0.0447875 0.0438917 0.0438710 0.0447486 0.0481496 0.0452305 0.0483792 0.0498213 0.0502436 0.0326992 0.0327562 0.0340799 0.0228971 0.0241608 0.0000000 0.0022931 0.0068287 0.0052104 0.1324356 0.1735062 0.1663423 0.1659801 
Pan_paniscus              0.2153832 0.2097302 0.1017378 0.1022642 0.1026080 0.0938700 0.0854175 0.0971638 0.0538074 0.0567095 0.0424655 0.0431757 0.0438896 0.0439092 0.0438700 0.0448421 0.0478089 0.0447708 0.0483575 0.0497988 0.0502209 0.0315384 0.0315935 0.0328631 0.0221078 0.0233719 0.0022931 0.0000000 0.0064375 0.0052250 0.1324356 0.1727293 0.1649380 0.1645453 
Gorilla_gorilla           0.2190919 0.2140980 0.1041572 0.1016959 0.1006195 0.0907895 0.0824771 0.0984174 0.0473284 0.0593476 0.0430071 0.0436515 0.0430866 0.0430696 0.0430495 0.0447885 0.0463772 0.0430706 0.0470728 0.0484965 0.0489148 0.0324968 0.0327134 0.0342372 0.0235867 0.0247840 0.0068287 0.0064375 0.0000000 0.0048135 0.1318041 0.1725306 0.1682556 0.1664079 
Homo_sapiens              0.2159483 0.2095932 0.1038130 0.1018720 0.1007828 0.0908473 0.0838890 0.0997749 0.0469295 0.0561648 0.0414856 0.0427745 0.0426131 0.0425961 0.0425761 0.0443294 0.0459714 0.0430544 0.0461902 0.0480662 0.0484882 0.0297741 0.0319568 0.0319561 0.0224896 0.0237527 0.0052104 0.0052250 0.0048135 0.0000000 0.1296140 0.1714003 0.1663423 0.1652090 
Carlito_syrichta          0.1616876 0.1586547 0.1552240 0.1550604 0.1475722 0.1485477 0.1225343 0.1814695 0.1457793 0.1831182 0.1366561 0.1425757 0.1399842 0.1382694 0.1388997 0.1397508 0.1359213 0.1317129 0.1415853 0.1434171 0.1445404 0.1360998 0.1384584 0.1380112 0.1301699 0.1311897 0.1324356 0.1324356 0.1318041 0.1296140 0.0000000 0.1289734 0.1263454 0.1211064 
Microcebus_murinus        0.1722995 0.1666067 0.2006378 0.1997270 0.1999147 0.1892839 0.1402882 0.6344946 0.1766282 0.2818341 0.1765698 0.1778319 0.1749903 0.1736386 0.1730401 0.1736896 0.1761826 0.1720034 0.1809083 0.1835542 0.1843082 0.1771607 0.1816610 0.1736621 0.1734560 0.1741906 0.1735062 0.1727293 0.1725306 0.1714003 0.1289734 0.0000000 0.0712460 0.0731002 
Lemur_catta               0.1703824 0.1595834 0.1916201 0.1948378 0.1958415 0.1839652 0.1381954 0.1990436 0.1732746 0.2001822 0.1688020 0.1731596 0.1726721 0.1721341 0.1705257 0.1699887 0.1736393 0.1721784 0.1803836 0.1830111 0.1837999 0.1741813 0.1787127 0.1767763 0.1700081 0.1707519 0.1663423 0.1649380 0.1682556 0.1663423 0.1263454 0.0712460 0.0000000 0.0646194 
Propithecus_coquereli     0.1770395 0.1650361 0.1929508 0.1942712 0.1956388 0.1833097 0.1297439 0.1929396 0.1713144 0.1970408 0.1661555 0.1683225 0.1682333 0.1684355 0.1660695 0.1667195 0.1717236 0.1670751 0.1766654 0.1784413 0.1795173 0.1725963 0.1761213 0.1752326 0.1692922 0.1700521 0.1659801 0.1645453 0.1664079 0.1652090 0.1211064 0.0731002 0.0646194 0.0000000 
